$ANSIBLE_VAULT;1.1;AES256
63333939626166613337373134323133386663336132336135623139343162653336396366363538
3863323166643463643135393730356166616563343135650a323537666563326130343534363432
36636237613535336564393062393963626232396465653064393130336533343232666164333334
6336396630343262640a343533353939663934663537613638356330323639303534353733636661
39663936616236366134623331656531386330363563336263386136333665376164316261626339
64663734316166626236323139656561626162386266346234643836663135613231333564613562
63636561623634323961333961363231393366616430636336363731643337666530306162613635
37633039663862323866326564623133333838353236316532383663653138636638636530336463
63313061656139303264323332616635386633323337363737323636393266623264316332343237
37663264636334643635616666636633633934396636363164303864383935383562373730663536
35323661363063623866346335656633643637326664666235383338373133333531626430316464
34613439353537306536333436306162333262336163643535333937326135326361366435323634
34333831316162336537333030626538636666386365336661643439383834613462343932356666
65383162376538313739376339323365636230356365393337363761373936333632616330323332
30306234323034633864623835643832326533346336623833613939383434623336353536643234
61326538373230366334306431353634386534613238323435313931316533643034323437393765
38303633303533633265373134653933383166313531623638393662366437323338626237313166
33636431336130363835353561303937653536343439646361396662336164306530313663353839
63316439373030613862646465333138353739656439663038616132656366666633626531353832
36383831383830663665643963333362326238373637653830376365353836303465643238313137
33336634623562626630393562636230386333643438326466646161356133303463646561386130
62323535343566616564633636303130346632356330303462313737366630396364336662333561
35383230393435393733303438316138323564643432633364306230646664393931653931323037
62343964363230616136313561653038343263353635613362633336393362343433393030396665
33313361373238363763313736643462343334346133343132636136333534633033363530653432
38346334653737643037336633626634393262666439376366326533383632643233353466626535
33666436656530336633356338316332313261303565663734643233613233633832356337626234
65343830663039316233366535353131363834636436333831386230313230626461656666336238
3132
